
Filename = E:\Archived Games\Konami\Silent Hill 4\data\and.bin
0000:  [ 64	-219	309	]	[ 64	-219	309	]
0001:  [ 65	-268	311	]	[ 65	-268	311	]
0002:  [ 66	-269	307	]	[ 66	-269	307	]
0003:  [ 84	-278	311	]	[ 84	-278	311	]
0004:  [ 52	-249	309	]	[ 52	-249	309	]
0005:  [ -52	-249	309	]	[ -52	-249	309	]
0006:  [ -59	-244	305	]	[ -59	-244	305	]
0007:  [ -142	-261	289	]	[ -142	-261	289	]
0008:  [ -144	-261	290	]	[ -144	-261	290	]
0009:  [ -113	-243	304	]	[ -113	-243	304	]
0010:  [ -88	-243	305	]	[ -88	-243	305	]
0011:  [ -146	-229	298	]	[ -146	-229	298	]
0012:  [ -116	-241	309	]	[ -116	-241	309	]
0013:  [ -138	-245	298	]	[ -138	-245	298	]
0014:  [ -164	-233	272	]	[ -164	-233	272	]
0015:  [ -153	-248	279	]	[ -153	-248	279	]
0016:  [ 153	-248	279	]	[ 153	-248	279	]
0017:  [ -60	-248	307	]	[ -60	-248	307	]
0018:  [ 128	-273	305	]	[ 128	-273	305	]
0019:  [ 144	-261	290	]	[ 144	-261	290	]
0020:  [ 142	-261	289	]	[ 142	-261	289	]
0021:  [ 107	-279	313	]	[ 107	-279	313	]
0022:  [ 128	-273	305	]	[ 128	-273	305	]
0023:  [ 127	-274	303	]	[ 127	-274	303	]
0024:  [ 142	-261	289	]	[ 142	-261	289	]
0025:  [ -52	-249	309	]	[ -52	-249	309	]
0026:  [ -142	-261	289	]	[ -142	-261	289	]
0027:  [ 64	-219	309	]	[ 64	-219	309	]
0028:  [ 86	-208	311	]	[ 86	-208	311	]
0029:  [ -153	-248	279	]	[ -153	-248	279	]
0030:  [ -136	-251	287	]	[ -136	-251	287	]
0031:  [ 136	-251	287	]	[ 136	-251	287	]
0032:  [ 153	-248	279	]	[ 153	-248	279	]
0033:  [ 153	-248	279	]	[ 153	-248	279	]
0034:  [ 164	-233	272	]	[ 164	-233	272	]
0035:  [ -60	-248	307	]	[ -60	-248	307	]
0036:  [ 60	-248	307	]	[ 60	-248	307	]
0037:  [ -143	-253	289	]	[ -143	-253	289	]
0038:  [ 143	-253	289	]	[ 143	-253	289	]
0039:  [ -68	-259	309	]	[ -68	-259	309	]
0040:  [ 68	-259	309	]	[ 68	-259	309	]
0041:  [ -66	-269	307	]	[ -66	-269	307	]
0042:  [ 66	-269	307	]	[ 66	-269	307	]
0043:  [ -133	-262	300	]	[ -133	-262	300	]
0044:  [ 133	-262	300	]	[ 133	-262	300	]
0045:  [ -127	-274	303	]	[ -127	-274	303	]
0046:  [ 127	-274	303	]	[ 127	-274	303	]
0047:  [ -84	-278	311	]	[ -84	-278	311	]
0048:  [ 84	-278	311	]	[ 84	-278	311	]
0049:  [ -107	-279	309	]	[ -107	-279	309	]
0050:  [ 107	-279	309	]	[ 107	-279	309	]
0051:  [ -122	-269	308	]	[ -122	-269	308	]
0052:  [ 122	-269	308	]	[ 122	-269	308	]
0053:  [ -82	-272	312	]	[ -82	-272	312	]
0054:  [ 82	-272	312	]	[ 82	-272	312	]
0055:  [ -101	-275	312	]	[ -101	-275	312	]
0056:  [ 101	-275	312	]	[ 101	-275	312	]
0057:  [ 59	-244	305	]	[ 59	-244	305	]
0058:  [ 142	-261	289	]	[ 142	-261	289	]
0059:  [ 52	-249	309	]	[ 52	-249	309	]
0060:  [ 88	-243	305	]	[ 88	-243	305	]
0061:  [ 113	-243	304	]	[ 113	-243	304	]
0062:  [ 88	-240	312	]	[ 88	-240	312	]
0063:  [ 116	-241	309	]	[ 116	-241	309	]
0064:  [ 129	-247	296	]	[ 129	-247	296	]
0065:  [ 65	-230	309	]	[ 65	-230	309	]
0066:  [ 69	-243	307	]	[ 69	-243	307	]
0067:  [ 138	-245	298	]	[ 138	-245	298	]
0068:  [ -164	-233	272	]	[ -164	-233	272	]
0069:  [ 136	-251	287	]	[ 136	-251	287	]
0070:  [ 59	-244	305	]	[ 59	-244	305	]
0071:  [ 52	-249	309	]	[ 52	-249	309	]
0072:  [ -52	-249	309	]	[ -52	-249	309	]
0073:  [ -59	-244	305	]	[ -59	-244	305	]
0074:  [ -142	-261	289	]	[ -142	-261	289	]
0075:  [ -144	-261	290	]	[ -144	-261	290	]
0076:  [ -120	-220	312	]	[ -120	-220	312	]
0077:  [ 120	-220	312	]	[ 120	-220	312	]
0078:  [ -146	-229	298	]	[ -146	-229	298	]
0079:  [ -88	-222	315	]	[ -88	-222	315	]
0080:  [ 88	-222	315	]	[ 88	-222	315	]
0081:  [ 146	-229	298	]	[ 146	-229	298	]
0082:  [ -88	-240	312	]	[ -88	-240	312	]
0083:  [ 88	-240	312	]	[ 88	-240	312	]
0084:  [ 116	-241	309	]	[ 116	-241	309	]
0085:  [ -149	-217	290	]	[ -149	-217	290	]
0086:  [ -121	-206	308	]	[ -121	-206	308	]
0087:  [ -69	-243	307	]	[ -69	-243	307	]
0088:  [ -65	-230	309	]	[ -65	-230	309	]
0089:  [ 64	-219	309	]	[ 64	-219	309	]
0090:  [ 65	-230	309	]	[ 65	-230	309	]
0091:  [ 86	-208	311	]	[ 86	-208	311	]
0092:  [ 138	-245	298	]	[ 138	-245	298	]
0093:  [ -164	-233	272	]	[ -164	-233	272	]
0094:  [ 136	-251	287	]	[ 136	-251	287	]
0095:  [ 136	-251	287	]	[ 136	-251	287	]
0096:  [ 153	-248	279	]	[ 153	-248	279	]
0097:  [ -128	-273	305	]	[ -128	-273	305	]
0098:  [ -107	-279	313	]	[ -107	-279	313	]
0099:  [ -85	-279	315	]	[ -85	-279	315	]
0100:  [ -65	-268	311	]	[ -65	-268	311	]
0101:  [ 143	-253	289	]	[ 143	-253	289	]
0102:  [ 68	-259	309	]	[ 68	-259	309	]
0103:  [ 133	-262	300	]	[ 133	-262	300	]
0104:  [ 122	-269	308	]	[ 122	-269	308	]
0105:  [ 82	-272	312	]	[ 82	-272	312	]
0106:  [ 101	-275	312	]	[ 101	-275	312	]
0107:  [ -52	-249	309	]	[ -52	-249	309	]
0108:  [ -142	-261	289	]	[ -142	-261	289	]
0109:  [ -149	-217	290	]	[ -149	-217	290	]
0110:  [ -121	-206	308	]	[ -121	-206	308	]
0111:  [ -86	-208	311	]	[ -86	-208	311	]
0112:  [ -136	-251	287	]	[ -136	-251	287	]
0113:  [ 153	-248	279	]	[ 153	-248	279	]
0114:  [ -128	-273	305	]	[ -128	-273	305	]
0115:  [ -107	-279	313	]	[ -107	-279	313	]
0116:  [ -85	-279	315	]	[ -85	-279	315	]
0117:  [ -65	-268	311	]	[ -65	-268	311	]
0118:  [ -143	-253	289	]	[ -143	-253	289	]
0119:  [ -68	-259	309	]	[ -68	-259	309	]
0120:  [ -66	-269	307	]	[ -66	-269	307	]
0121:  [ -133	-262	300	]	[ -133	-262	300	]
0122:  [ -127	-274	303	]	[ -127	-274	303	]
0123:  [ -84	-278	311	]	[ -84	-278	311	]
0124:  [ -107	-279	309	]	[ -107	-279	309	]
0125:  [ -122	-269	308	]	[ -122	-269	308	]
0126:  [ -82	-272	312	]	[ -82	-272	312	]
0127:  [ -101	-275	312	]	[ -101	-275	312	]
0128:  [ 149	-217	290	]	[ 149	-217	290	]
0129:  [ 164	-233	272	]	[ 164	-233	272	]
0130:  [ 65	-268	311	]	[ 65	-268	311	]
0131:  [ -120	-220	312	]	[ -120	-220	312	]
0132:  [ -88	-243	305	]	[ -88	-243	305	]
0133:  [ -146	-229	298	]	[ -146	-229	298	]
0134:  [ -116	-241	309	]	[ -116	-241	309	]
0135:  [ -88	-240	312	]	[ -88	-240	312	]
0136:  [ -69	-243	307	]	[ -69	-243	307	]
0137:  [ -68	-245	298	]	[ -68	-245	298	]
0138:  [ 120	-220	312	]	[ 120	-220	312	]
0139:  [ 88	-222	315	]	[ 88	-222	315	]
0140:  [ 146	-229	298	]	[ 146	-229	298	]
0141:  [ -64	-219	309	]	[ -64	-219	309	]
0142:  [ 121	-206	308	]	[ 121	-206	308	]
0143:  [ 149	-217	290	]	[ 149	-217	290	]
0144:  [ 164	-233	272	]	[ 164	-233	272	]
0145:  [ 65	-268	311	]	[ 65	-268	311	]
0146:  [ 85	-279	315	]	[ 85	-279	315	]
0147:  [ 107	-279	313	]	[ 107	-279	313	]
0148:  [ 127	-274	303	]	[ 127	-274	303	]
0149:  [ 84	-278	311	]	[ 84	-278	311	]
0150:  [ 107	-279	309	]	[ 107	-279	309	]
0151:  [ 88	-243	305	]	[ 88	-243	305	]
0152:  [ -88	-222	315	]	[ -88	-222	315	]
0153:  [ -121	-206	308	]	[ -121	-206	308	]
0154:  [ -86	-208	311	]	[ -86	-208	311	]
0155:  [ -65	-230	309	]	[ -65	-230	309	]
0156:  [ -64	-219	309	]	[ -64	-219	309	]
0157:  [ 68	-245	298	]	[ 68	-245	298	]
0158:  [ 69	-243	307	]	[ 69	-243	307	]
0159:  [ 153	-248	279	]	[ 153	-248	279	]
0160:  [ 164	-233	272	]	[ 164	-233	272	]
0161:  [ 60	-248	307	]	[ 60	-248	307	]
0162:  [ 65	-268	311	]	[ 65	-268	311	]
0163:  [ 85	-279	315	]	[ 85	-279	315	]
0164:  [ 107	-279	313	]	[ 107	-279	313	]
0165:  [ 68	-259	309	]	[ 68	-259	309	]
0166:  [ 144	-261	290	]	[ 144	-261	290	]
0167:  [ 59	-244	305	]	[ 59	-244	305	]
0168:  [ -113	-243	304	]	[ -113	-243	304	]
0169:  [ -129	-247	296	]	[ -129	-247	296	]
0170:  [ -149	-217	290	]	[ -149	-217	290	]
0171:  [ -138	-245	298	]	[ -138	-245	298	]
0172:  [ 86	-208	311	]	[ 86	-208	311	]
0173:  [ 121	-206	308	]	[ 121	-206	308	]
0174:  [ 149	-217	290	]	[ 149	-217	290	]
0175:  [ -153	-248	279	]	[ -153	-248	279	]
0176:  [ -136	-251	287	]	[ -136	-251	287	]
0177:  [ -60	-248	307	]	[ -60	-248	307	]
0178:  [ -68	-259	309	]	[ -68	-259	309	]
0179:  [ 88	-222	315	]	[ 88	-222	315	]
0180:  [ 146	-229	298	]	[ 146	-229	298	]
0181:  [ -149	-217	290	]	[ -149	-217	290	]
0182:  [ -86	-208	311	]	[ -86	-208	311	]
0183:  [ -64	-219	309	]	[ -64	-219	309	]
0184:  [ 64	-219	309	]	[ 64	-219	309	]
0185:  [ 65	-230	309	]	[ 65	-230	309	]
0186:  [ 86	-208	311	]	[ 86	-208	311	]
0187:  [ 121	-206	308	]	[ 121	-206	308	]
0188:  [ -164	-233	272	]	[ -164	-233	272	]
0189:  [ -153	-248	279	]	[ -153	-248	279	]
0190:  [ 153	-248	279	]	[ 153	-248	279	]
0191:  [ 164	-233	272	]	[ 164	-233	272	]
0192:  [ -59	-244	305	]	[ -59	-244	305	]
0193:  [ -65	-230	309	]	[ -65	-230	309	]
0194:  [ -113	-243	304	]	[ -113	-243	304	]
0195:  [ -88	-243	305	]	[ -88	-243	305	]
0196:  [ 88	-243	305	]	[ 88	-243	305	]
0197:  [ 113	-243	304	]	[ 113	-243	304	]
0198:  [ -129	-247	296	]	[ -129	-247	296	]
0199:  [ 129	-247	296	]	[ 129	-247	296	]
0200:  [ -68	-245	298	]	[ -68	-245	298	]
0201:  [ 68	-245	298	]	[ 68	-245	298	]
0202:  [ -136	-251	287	]	[ -136	-251	287	]
0203:  [ 136	-251	287	]	[ 136	-251	287	]
0204:  [ -119	-251	305	]	[ -119	-251	305	]
0205:  [ -101	-251	309	]	[ -101	-251	309	]
0206:  [ -82	-251	306	]	[ -82	-251	306	]
0207:  [ 82	-251	306	]	[ 82	-251	306	]
0208:  [ 101	-251	309	]	[ 101	-251	309	]
0209:  [ 119	-251	305	]	[ 119	-251	305	]
Check FORMAT: DXT1
Check FORMAT: DXT3
Check FORMAT: DXT1
Check FORMAT: DXT1
Check FORMAT: DXT1
Check FORMAT: DXT1
Check FORMAT: DXT3
Check FORMAT: DXT1
Check FORMAT: DXT1
Check FORMAT: DXT1
Check FORMAT: DXT1

Filename = E:\Archived Games\Konami\Silent Hill 4\data\and.bin
0000:  [ 64	-219	309	]	[ 64	-219	309	]
0001:  [ 65	-268	311	]	[ 65	-268	311	]
0002:  [ 66	-269	307	]	[ 66	-269	307	]
0003:  [ 84	-278	311	]	[ 84	-278	311	]
0004:  [ 52	-249	309	]	[ 52	-249	309	]
0005:  [ -52	-249	309	]	[ -52	-249	309	]
0006:  [ -59	-244	305	]	[ -59	-244	305	]
0007:  [ -142	-261	289	]	[ -142	-261	289	]
0008:  [ -144	-261	290	]	[ -144	-261	290	]
0009:  [ -113	-243	304	]	[ -113	-243	304	]
0010:  [ -88	-243	305	]	[ -88	-243	305	]
0011:  [ -146	-229	298	]	[ -146	-229	298	]
0012:  [ -116	-241	309	]	[ -116	-241	309	]
0013:  [ -138	-245	298	]	[ -138	-245	298	]
0014:  [ -164	-233	272	]	[ -164	-233	272	]
0015:  [ -153	-248	279	]	[ -153	-248	279	]
0016:  [ 153	-248	279	]	[ 153	-248	279	]
0017:  [ -60	-248	307	]	[ -60	-248	307	]
0018:  [ 128	-273	305	]	[ 128	-273	305	]
0019:  [ 144	-261	290	]	[ 144	-261	290	]
0020:  [ 142	-261	289	]	[ 142	-261	289	]
0021:  [ 107	-279	313	]	[ 107	-279	313	]
0022:  [ 128	-273	305	]	[ 128	-273	305	]
0023:  [ 127	-274	303	]	[ 127	-274	303	]
0024:  [ 142	-261	289	]	[ 142	-261	289	]
0025:  [ -52	-249	309	]	[ -52	-249	309	]
0026:  [ -142	-261	289	]	[ -142	-261	289	]
0027:  [ 64	-219	309	]	[ 64	-219	309	]
0028:  [ 86	-208	311	]	[ 86	-208	311	]
0029:  [ -153	-248	279	]	[ -153	-248	279	]
0030:  [ -136	-251	287	]	[ -136	-251	287	]
0031:  [ 136	-251	287	]	[ 136	-251	287	]
0032:  [ 153	-248	279	]	[ 153	-248	279	]
0033:  [ 153	-248	279	]	[ 153	-248	279	]
0034:  [ 164	-233	272	]	[ 164	-233	272	]
0035:  [ -60	-248	307	]	[ -60	-248	307	]
0036:  [ 60	-248	307	]	[ 60	-248	307	]
0037:  [ -143	-253	289	]	[ -143	-253	289	]
0038:  [ 143	-253	289	]	[ 143	-253	289	]
0039:  [ -68	-259	309	]	[ -68	-259	309	]
0040:  [ 68	-259	309	]	[ 68	-259	309	]
0041:  [ -66	-269	307	]	[ -66	-269	307	]
0042:  [ 66	-269	307	]	[ 66	-269	307	]
0043:  [ -133	-262	300	]	[ -133	-262	300	]
0044:  [ 133	-262	300	]	[ 133	-262	300	]
0045:  [ -127	-274	303	]	[ -127	-274	303	]
0046:  [ 127	-274	303	]	[ 127	-274	303	]
0047:  [ -84	-278	311	]	[ -84	-278	311	]
0048:  [ 84	-278	311	]	[ 84	-278	311	]
0049:  [ -107	-279	309	]	[ -107	-279	309	]
0050:  [ 107	-279	309	]	[ 107	-279	309	]
0051:  [ -122	-269	308	]	[ -122	-269	308	]
0052:  [ 122	-269	308	]	[ 122	-269	308	]
0053:  [ -82	-272	312	]	[ -82	-272	312	]
0054:  [ 82	-272	312	]	[ 82	-272	312	]
0055:  [ -101	-275	312	]	[ -101	-275	312	]
0056:  [ 101	-275	312	]	[ 101	-275	312	]
0057:  [ 59	-244	305	]	[ 59	-244	305	]
0058:  [ 142	-261	289	]	[ 142	-261	289	]
0059:  [ 52	-249	309	]	[ 52	-249	309	]
0060:  [ 88	-243	305	]	[ 88	-243	305	]
0061:  [ 113	-243	304	]	[ 113	-243	304	]
0062:  [ 88	-240	312	]	[ 88	-240	312	]
0063:  [ 116	-241	309	]	[ 116	-241	309	]
0064:  [ 129	-247	296	]	[ 129	-247	296	]
0065:  [ 65	-230	309	]	[ 65	-230	309	]
0066:  [ 69	-243	307	]	[ 69	-243	307	]
0067:  [ 138	-245	298	]	[ 138	-245	298	]
0068:  [ -164	-233	272	]	[ -164	-233	272	]
0069:  [ 136	-251	287	]	[ 136	-251	287	]
0070:  [ 59	-244	305	]	[ 59	-244	305	]
0071:  [ 52	-249	309	]	[ 52	-249	309	]
0072:  [ -52	-249	309	]	[ -52	-249	309	]
0073:  [ -59	-244	305	]	[ -59	-244	305	]
0074:  [ -142	-261	289	]	[ -142	-261	289	]
0075:  [ -144	-261	290	]	[ -144	-261	290	]
0076:  [ -120	-220	312	]	[ -120	-220	312	]
0077:  [ 120	-220	312	]	[ 120	-220	312	]
0078:  [ -146	-229	298	]	[ -146	-229	298	]
0079:  [ -88	-222	315	]	[ -88	-222	315	]
0080:  [ 88	-222	315	]	[ 88	-222	315	]
0081:  [ 146	-229	298	]	[ 146	-229	298	]
0082:  [ -88	-240	312	]	[ -88	-240	312	]
0083:  [ 88	-240	312	]	[ 88	-240	312	]
0084:  [ 116	-241	309	]	[ 116	-241	309	]
0085:  [ -149	-217	290	]	[ -149	-217	290	]
0086:  [ -121	-206	308	]	[ -121	-206	308	]
0087:  [ -69	-243	307	]	[ -69	-243	307	]
0088:  [ -65	-230	309	]	[ -65	-230	309	]
0089:  [ 64	-219	309	]	[ 64	-219	309	]
0090:  [ 65	-230	309	]	[ 65	-230	309	]
0091:  [ 86	-208	311	]	[ 86	-208	311	]
0092:  [ 138	-245	298	]	[ 138	-245	298	]
0093:  [ -164	-233	272	]	[ -164	-233	272	]
0094:  [ 136	-251	287	]	[ 136	-251	287	]
0095:  [ 136	-251	287	]	[ 136	-251	287	]
0096:  [ 153	-248	279	]	[ 153	-248	279	]
0097:  [ -128	-273	305	]	[ -128	-273	305	]
0098:  [ -107	-279	313	]	[ -107	-279	313	]
0099:  [ -85	-279	315	]	[ -85	-279	315	]
0100:  [ -65	-268	311	]	[ -65	-268	311	]
0101:  [ 143	-253	289	]	[ 143	-253	289	]
0102:  [ 68	-259	309	]	[ 68	-259	309	]
0103:  [ 133	-262	300	]	[ 133	-262	300	]
0104:  [ 122	-269	308	]	[ 122	-269	308	]
0105:  [ 82	-272	312	]	[ 82	-272	312	]
0106:  [ 101	-275	312	]	[ 101	-275	312	]
0107:  [ -52	-249	309	]	[ -52	-249	309	]
0108:  [ -142	-261	289	]	[ -142	-261	289	]
0109:  [ -149	-217	290	]	[ -149	-217	290	]
0110:  [ -121	-206	308	]	[ -121	-206	308	]
0111:  [ -86	-208	311	]	[ -86	-208	311	]
0112:  [ -136	-251	287	]	[ -136	-251	287	]
0113:  [ 153	-248	279	]	[ 153	-248	279	]
0114:  [ -128	-273	305	]	[ -128	-273	305	]
0115:  [ -107	-279	313	]	[ -107	-279	313	]
0116:  [ -85	-279	315	]	[ -85	-279	315	]
0117:  [ -65	-268	311	]	[ -65	-268	311	]
0118:  [ -143	-253	289	]	[ -143	-253	289	]
0119:  [ -68	-259	309	]	[ -68	-259	309	]
0120:  [ -66	-269	307	]	[ -66	-269	307	]
0121:  [ -133	-262	300	]	[ -133	-262	300	]
0122:  [ -127	-274	303	]	[ -127	-274	303	]
0123:  [ -84	-278	311	]	[ -84	-278	311	]
0124:  [ -107	-279	309	]	[ -107	-279	309	]
0125:  [ -122	-269	308	]	[ -122	-269	308	]
0126:  [ -82	-272	312	]	[ -82	-272	312	]
0127:  [ -101	-275	312	]	[ -101	-275	312	]
0128:  [ 149	-217	290	]	[ 149	-217	290	]
0129:  [ 164	-233	272	]	[ 164	-233	272	]
0130:  [ 65	-268	311	]	[ 65	-268	311	]
0131:  [ -120	-220	312	]	[ -120	-220	312	]
0132:  [ -88	-243	305	]	[ -88	-243	305	]
0133:  [ -146	-229	298	]	[ -146	-229	298	]
0134:  [ -116	-241	309	]	[ -116	-241	309	]
0135:  [ -88	-240	312	]	[ -88	-240	312	]
0136:  [ -69	-243	307	]	[ -69	-243	307	]
0137:  [ -68	-245	298	]	[ -68	-245	298	]
0138:  [ 120	-220	312	]	[ 120	-220	312	]
0139:  [ 88	-222	315	]	[ 88	-222	315	]
0140:  [ 146	-229	298	]	[ 146	-229	298	]
0141:  [ -64	-219	309	]	[ -64	-219	309	]
0142:  [ 121	-206	308	]	[ 121	-206	308	]
0143:  [ 149	-217	290	]	[ 149	-217	290	]
0144:  [ 164	-233	272	]	[ 164	-233	272	]
0145:  [ 65	-268	311	]	[ 65	-268	311	]
0146:  [ 85	-279	315	]	[ 85	-279	315	]
0147:  [ 107	-279	313	]	[ 107	-279	313	]
0148:  [ 127	-274	303	]	[ 127	-274	303	]
0149:  [ 84	-278	311	]	[ 84	-278	311	]
0150:  [ 107	-279	309	]	[ 107	-279	309	]
0151:  [ 88	-243	305	]	[ 88	-243	305	]
0152:  [ -88	-222	315	]	[ -88	-222	315	]
0153:  [ -121	-206	308	]	[ -121	-206	308	]
0154:  [ -86	-208	311	]	[ -86	-208	311	]
0155:  [ -65	-230	309	]	[ -65	-230	309	]
0156:  [ -64	-219	309	]	[ -64	-219	309	]
0157:  [ 68	-245	298	]	[ 68	-245	298	]
0158:  [ 69	-243	307	]	[ 69	-243	307	]
0159:  [ 153	-248	279	]	[ 153	-248	279	]
0160:  [ 164	-233	272	]	[ 164	-233	272	]
0161:  [ 60	-248	307	]	[ 60	-248	307	]
0162:  [ 65	-268	311	]	[ 65	-268	311	]
0163:  [ 85	-279	315	]	[ 85	-279	315	]
0164:  [ 107	-279	313	]	[ 107	-279	313	]
0165:  [ 68	-259	309	]	[ 68	-259	309	]
0166:  [ 144	-261	290	]	[ 144	-261	290	]
0167:  [ 59	-244	305	]	[ 59	-244	305	]
0168:  [ -113	-243	304	]	[ -113	-243	304	]
0169:  [ -129	-247	296	]	[ -129	-247	296	]
0170:  [ -149	-217	290	]	[ -149	-217	290	]
0171:  [ -138	-245	298	]	[ -138	-245	298	]
0172:  [ 86	-208	311	]	[ 86	-208	311	]
0173:  [ 121	-206	308	]	[ 121	-206	308	]
0174:  [ 149	-217	290	]	[ 149	-217	290	]
0175:  [ -153	-248	279	]	[ -153	-248	279	]
0176:  [ -136	-251	287	]	[ -136	-251	287	]
0177:  [ -60	-248	307	]	[ -60	-248	307	]
0178:  [ -68	-259	309	]	[ -68	-259	309	]
0179:  [ 88	-222	315	]	[ 88	-222	315	]
0180:  [ 146	-229	298	]	[ 146	-229	298	]
0181:  [ -149	-217	290	]	[ -149	-217	290	]
0182:  [ -86	-208	311	]	[ -86	-208	311	]
0183:  [ -64	-219	309	]	[ -64	-219	309	]
0184:  [ 64	-219	309	]	[ 64	-219	309	]
0185:  [ 65	-230	309	]	[ 65	-230	309	]
0186:  [ 86	-208	311	]	[ 86	-208	311	]
0187:  [ 121	-206	308	]	[ 121	-206	308	]
0188:  [ -164	-233	272	]	[ -164	-233	272	]
0189:  [ -153	-248	279	]	[ -153	-248	279	]
0190:  [ 153	-248	279	]	[ 153	-248	279	]
0191:  [ 164	-233	272	]	[ 164	-233	272	]
0192:  [ -59	-244	305	]	[ -59	-244	305	]
0193:  [ -65	-230	309	]	[ -65	-230	309	]
0194:  [ -113	-243	304	]	[ -113	-243	304	]
0195:  [ -88	-243	305	]	[ -88	-243	305	]
0196:  [ 88	-243	305	]	[ 88	-243	305	]
0197:  [ 113	-243	304	]	[ 113	-243	304	]
0198:  [ -129	-247	296	]	[ -129	-247	296	]
0199:  [ 129	-247	296	]	[ 129	-247	296	]
0200:  [ -68	-245	298	]	[ -68	-245	298	]
0201:  [ 68	-245	298	]	[ 68	-245	298	]
0202:  [ -136	-251	287	]	[ -136	-251	287	]
0203:  [ 136	-251	287	]	[ 136	-251	287	]
0204:  [ -119	-251	305	]	[ -119	-251	305	]
0205:  [ -101	-251	309	]	[ -101	-251	309	]
0206:  [ -82	-251	306	]	[ -82	-251	306	]
0207:  [ 82	-251	306	]	[ 82	-251	306	]
0208:  [ 101	-251	309	]	[ 101	-251	309	]
0209:  [ 119	-251	305	]	[ 119	-251	305	]
Check FORMAT: DXT1
Check FORMAT: DXT3
Check FORMAT: DXT1
Check FORMAT: DXT1
Check FORMAT: DXT1
Check FORMAT: DXT1
Check FORMAT: DXT3
Check FORMAT: DXT1
Check FORMAT: DXT1
Check FORMAT: DXT1
Check FORMAT: DXT1

Filename = E:\Archived Games\Konami\Silent Hill 4\data\and_z.bin
0000:  [ -113	-243	304	]	[ -113	-243	304	]
0001:  [ -88	-243	305	]	[ -88	-243	305	]
0002:  [ 88	-243	305	]	[ 88	-243	305	]
0003:  [ 113	-243	304	]	[ 113	-243	304	]
0004:  [ -129	-247	296	]	[ -129	-247	296	]
0005:  [ 129	-247	296	]	[ 129	-247	296	]
0006:  [ -68	-245	298	]	[ -68	-245	298	]
0007:  [ 68	-245	298	]	[ 68	-245	298	]
0008:  [ -136	-251	287	]	[ -136	-251	287	]
0009:  [ 136	-251	287	]	[ 136	-251	287	]
0010:  [ -119	-251	305	]	[ -119	-251	305	]
0011:  [ -101	-251	309	]	[ -101	-251	309	]
0012:  [ -82	-251	306	]	[ -82	-251	306	]
0013:  [ 82	-251	306	]	[ 82	-251	306	]
0014:  [ 101	-251	309	]	[ 101	-251	309	]
0015:  [ 119	-251	305	]	[ 119	-251	305	]
0016:  [ 64	-219	309	]	[ 64	-219	309	]
0017:  [ 65	-268	311	]	[ 65	-268	311	]
0018:  [ 66	-269	307	]	[ 66	-269	307	]
0019:  [ 84	-278	311	]	[ 84	-278	311	]
0020:  [ 52	-249	309	]	[ 52	-249	309	]
0021:  [ -52	-249	309	]	[ -52	-249	309	]
0022:  [ -59	-244	305	]	[ -59	-244	305	]
0023:  [ -142	-261	289	]	[ -142	-261	289	]
0024:  [ -144	-261	290	]	[ -144	-261	290	]
0025:  [ -113	-243	304	]	[ -113	-243	304	]
0026:  [ -88	-243	305	]	[ -88	-243	305	]
0027:  [ -146	-229	298	]	[ -146	-229	298	]
0028:  [ -116	-241	309	]	[ -116	-241	309	]
0029:  [ -138	-245	298	]	[ -138	-245	298	]
0030:  [ -164	-233	272	]	[ -164	-233	272	]
0031:  [ -153	-248	279	]	[ -153	-248	279	]
0032:  [ 153	-248	279	]	[ 153	-248	279	]
0033:  [ -60	-248	307	]	[ -60	-248	307	]
0034:  [ 128	-273	305	]	[ 128	-273	305	]
0035:  [ 144	-261	290	]	[ 144	-261	290	]
0036:  [ 142	-261	289	]	[ 142	-261	289	]
0037:  [ 107	-279	313	]	[ 107	-279	313	]
0038:  [ 128	-273	305	]	[ 128	-273	305	]
0039:  [ 127	-274	303	]	[ 127	-274	303	]
0040:  [ 142	-261	289	]	[ 142	-261	289	]
0041:  [ -52	-249	309	]	[ -52	-249	309	]
0042:  [ -142	-261	289	]	[ -142	-261	289	]
0043:  [ 64	-219	309	]	[ 64	-219	309	]
0044:  [ 86	-208	311	]	[ 86	-208	311	]
0045:  [ -153	-248	279	]	[ -153	-248	279	]
0046:  [ -136	-251	287	]	[ -136	-251	287	]
0047:  [ 136	-251	287	]	[ 136	-251	287	]
0048:  [ 153	-248	279	]	[ 153	-248	279	]
0049:  [ 153	-248	279	]	[ 153	-248	279	]
0050:  [ 164	-233	272	]	[ 164	-233	272	]
0051:  [ -60	-248	307	]	[ -60	-248	307	]
0052:  [ 60	-248	307	]	[ 60	-248	307	]
0053:  [ -143	-253	289	]	[ -143	-253	289	]
0054:  [ 143	-253	289	]	[ 143	-253	289	]
0055:  [ -68	-259	309	]	[ -68	-259	309	]
0056:  [ 68	-259	309	]	[ 68	-259	309	]
0057:  [ -66	-269	307	]	[ -66	-269	307	]
0058:  [ 66	-269	307	]	[ 66	-269	307	]
0059:  [ -133	-262	300	]	[ -133	-262	300	]
0060:  [ 133	-262	300	]	[ 133	-262	300	]
0061:  [ -127	-274	303	]	[ -127	-274	303	]
0062:  [ 127	-274	303	]	[ 127	-274	303	]
0063:  [ -84	-278	311	]	[ -84	-278	311	]
0064:  [ 84	-278	311	]	[ 84	-278	311	]
0065:  [ -107	-279	309	]	[ -107	-279	309	]
0066:  [ 107	-279	309	]	[ 107	-279	309	]
0067:  [ -122	-269	308	]	[ -122	-269	308	]
0068:  [ 122	-269	308	]	[ 122	-269	308	]
0069:  [ -82	-272	312	]	[ -82	-272	312	]
0070:  [ 82	-272	312	]	[ 82	-272	312	]
0071:  [ -101	-275	312	]	[ -101	-275	312	]
0072:  [ 101	-275	312	]	[ 101	-275	312	]
0073:  [ 59	-244	305	]	[ 59	-244	305	]
0074:  [ 142	-261	289	]	[ 142	-261	289	]
0075:  [ 52	-249	309	]	[ 52	-249	309	]
0076:  [ 88	-243	305	]	[ 88	-243	305	]
0077:  [ 113	-243	304	]	[ 113	-243	304	]
0078:  [ 88	-240	312	]	[ 88	-240	312	]
0079:  [ 116	-241	309	]	[ 116	-241	309	]
0080:  [ 129	-247	296	]	[ 129	-247	296	]
0081:  [ 65	-230	309	]	[ 65	-230	309	]
0082:  [ 69	-243	307	]	[ 69	-243	307	]
0083:  [ 138	-245	298	]	[ 138	-245	298	]
0084:  [ -164	-233	272	]	[ -164	-233	272	]
0085:  [ 136	-251	287	]	[ 136	-251	287	]
0086:  [ 59	-244	305	]	[ 59	-244	305	]
0087:  [ 52	-249	309	]	[ 52	-249	309	]
0088:  [ -52	-249	309	]	[ -52	-249	309	]
0089:  [ -59	-244	305	]	[ -59	-244	305	]
0090:  [ -142	-261	289	]	[ -142	-261	289	]
0091:  [ -144	-261	290	]	[ -144	-261	290	]
0092:  [ -120	-220	312	]	[ -120	-220	312	]
0093:  [ 120	-220	312	]	[ 120	-220	312	]
0094:  [ -146	-229	298	]	[ -146	-229	298	]
0095:  [ -88	-222	315	]	[ -88	-222	315	]
0096:  [ 88	-222	315	]	[ 88	-222	315	]
0097:  [ 146	-229	298	]	[ 146	-229	298	]
0098:  [ -88	-240	312	]	[ -88	-240	312	]
0099:  [ 88	-240	312	]	[ 88	-240	312	]
0100:  [ 116	-241	309	]	[ 116	-241	309	]
0101:  [ -149	-217	290	]	[ -149	-217	290	]
0102:  [ -121	-206	308	]	[ -121	-206	308	]
0103:  [ -69	-243	307	]	[ -69	-243	307	]
0104:  [ -65	-230	309	]	[ -65	-230	309	]
0105:  [ 64	-219	309	]	[ 64	-219	309	]
0106:  [ 65	-230	309	]	[ 65	-230	309	]
0107:  [ 86	-208	311	]	[ 86	-208	311	]
0108:  [ 138	-245	298	]	[ 138	-245	298	]
0109:  [ -164	-233	272	]	[ -164	-233	272	]
0110:  [ 136	-251	287	]	[ 136	-251	287	]
0111:  [ 136	-251	287	]	[ 136	-251	287	]
0112:  [ 153	-248	279	]	[ 153	-248	279	]
0113:  [ -128	-273	305	]	[ -128	-273	305	]
0114:  [ -107	-279	313	]	[ -107	-279	313	]
0115:  [ -85	-279	315	]	[ -85	-279	315	]
0116:  [ -65	-268	311	]	[ -65	-268	311	]
0117:  [ 143	-253	289	]	[ 143	-253	289	]
0118:  [ 68	-259	309	]	[ 68	-259	309	]
0119:  [ 133	-262	300	]	[ 133	-262	300	]
0120:  [ 122	-269	308	]	[ 122	-269	308	]
0121:  [ 82	-272	312	]	[ 82	-272	312	]
0122:  [ 101	-275	312	]	[ 101	-275	312	]
0123:  [ -52	-249	309	]	[ -52	-249	309	]
0124:  [ -142	-261	289	]	[ -142	-261	289	]
0125:  [ -149	-217	290	]	[ -149	-217	290	]
0126:  [ -121	-206	308	]	[ -121	-206	308	]
0127:  [ -86	-208	311	]	[ -86	-208	311	]
0128:  [ -136	-251	287	]	[ -136	-251	287	]
0129:  [ 153	-248	279	]	[ 153	-248	279	]
0130:  [ -128	-273	305	]	[ -128	-273	305	]
0131:  [ -107	-279	313	]	[ -107	-279	313	]
0132:  [ -85	-279	315	]	[ -85	-279	315	]
0133:  [ -65	-268	311	]	[ -65	-268	311	]
0134:  [ -143	-253	289	]	[ -143	-253	289	]
0135:  [ -68	-259	309	]	[ -68	-259	309	]
0136:  [ -66	-269	307	]	[ -66	-269	307	]
0137:  [ -133	-262	300	]	[ -133	-262	300	]
0138:  [ -127	-274	303	]	[ -127	-274	303	]
0139:  [ -84	-278	311	]	[ -84	-278	311	]
0140:  [ -107	-279	309	]	[ -107	-279	309	]
0141:  [ -122	-269	308	]	[ -122	-269	308	]
0142:  [ -82	-272	312	]	[ -82	-272	312	]
0143:  [ -101	-275	312	]	[ -101	-275	312	]
0144:  [ 149	-217	290	]	[ 149	-217	290	]
0145:  [ 164	-233	272	]	[ 164	-233	272	]
0146:  [ 65	-268	311	]	[ 65	-268	311	]
0147:  [ -120	-220	312	]	[ -120	-220	312	]
0148:  [ -88	-243	305	]	[ -88	-243	305	]
0149:  [ -146	-229	298	]	[ -146	-229	298	]
0150:  [ -116	-241	309	]	[ -116	-241	309	]
0151:  [ -88	-240	312	]	[ -88	-240	312	]
0152:  [ -69	-243	307	]	[ -69	-243	307	]
0153:  [ -68	-245	298	]	[ -68	-245	298	]
0154:  [ 120	-220	312	]	[ 120	-220	312	]
0155:  [ 88	-222	315	]	[ 88	-222	315	]
0156:  [ 146	-229	298	]	[ 146	-229	298	]
0157:  [ -64	-219	309	]	[ -64	-219	309	]
0158:  [ 121	-206	308	]	[ 121	-206	308	]
0159:  [ 149	-217	290	]	[ 149	-217	290	]
0160:  [ 164	-233	272	]	[ 164	-233	272	]
0161:  [ 65	-268	311	]	[ 65	-268	311	]
0162:  [ 85	-279	315	]	[ 85	-279	315	]
0163:  [ 107	-279	313	]	[ 107	-279	313	]
0164:  [ 127	-274	303	]	[ 127	-274	303	]
0165:  [ 84	-278	311	]	[ 84	-278	311	]
0166:  [ 107	-279	309	]	[ 107	-279	309	]
0167:  [ 88	-243	305	]	[ 88	-243	305	]
0168:  [ -88	-222	315	]	[ -88	-222	315	]
0169:  [ -121	-206	308	]	[ -121	-206	308	]
0170:  [ -86	-208	311	]	[ -86	-208	311	]
0171:  [ -65	-230	309	]	[ -65	-230	309	]
0172:  [ -64	-219	309	]	[ -64	-219	309	]
0173:  [ 68	-245	298	]	[ 68	-245	298	]
0174:  [ 69	-243	307	]	[ 69	-243	307	]
0175:  [ 153	-248	279	]	[ 153	-248	279	]
0176:  [ 164	-233	272	]	[ 164	-233	272	]
0177:  [ 60	-248	307	]	[ 60	-248	307	]
0178:  [ 65	-268	311	]	[ 65	-268	311	]
0179:  [ 85	-279	315	]	[ 85	-279	315	]
0180:  [ 107	-279	313	]	[ 107	-279	313	]
0181:  [ 68	-259	309	]	[ 68	-259	309	]
0182:  [ 144	-261	290	]	[ 144	-261	290	]
0183:  [ 59	-244	305	]	[ 59	-244	305	]
0184:  [ -113	-243	304	]	[ -113	-243	304	]
0185:  [ -129	-247	296	]	[ -129	-247	296	]
0186:  [ -138	-245	298	]	[ -138	-245	298	]
0187:  [ 86	-208	311	]	[ 86	-208	311	]
0188:  [ 121	-206	308	]	[ 121	-206	308	]
0189:  [ 149	-217	290	]	[ 149	-217	290	]
0190:  [ -153	-248	279	]	[ -153	-248	279	]
0191:  [ -136	-251	287	]	[ -136	-251	287	]
0192:  [ -60	-248	307	]	[ -60	-248	307	]
0193:  [ -68	-259	309	]	[ -68	-259	309	]
0194:  [ 88	-222	315	]	[ 88	-222	315	]
0195:  [ 146	-229	298	]	[ 146	-229	298	]
0196:  [ -149	-217	290	]	[ -149	-217	290	]
0197:  [ 64	-219	309	]	[ 64	-219	309	]
0198:  [ 65	-230	309	]	[ 65	-230	309	]
0199:  [ 86	-208	311	]	[ 86	-208	311	]
0200:  [ 121	-206	308	]	[ 121	-206	308	]
0201:  [ -164	-233	272	]	[ -164	-233	272	]
0202:  [ -153	-248	279	]	[ -153	-248	279	]
0203:  [ 153	-248	279	]	[ 153	-248	279	]
0204:  [ 164	-233	272	]	[ 164	-233	272	]
0205:  [ -59	-244	305	]	[ -59	-244	305	]
0206:  [ -86	-208	311	]	[ -86	-208	311	]
0207:  [ -65	-230	309	]	[ -65	-230	309	]
0208:  [ -64	-219	309	]	[ -64	-219	309	]
Check FORMAT: DXT1
Check FORMAT: DXT1
Check FORMAT: DXT3
Check FORMAT: DXT3
Check FORMAT: DXT1
Check FORMAT: DXT1
Check FORMAT: DXT3
Check FORMAT: DXT1
Check FORMAT: DXT1
Check FORMAT: DXT1
Check FORMAT: DXT1
